[patterns.jpg]
filters=sepia=1;bw=1;warm=1;PicnikTint=1,19.298244,ff79b3db;bw=1;unsharp2=1,2.982456;PicnikGrain=1,50.000000,0;
moddate=52c4a4eb865bd301
width=564
height=564
textactive=0
